1 0.10668599999999999
2 0.10666000000000003
3 0.101736
4 0.10513900000000004
5 0.10097400000000001
6 0.115757
7 0.10724800000000001
8 0.10314299999999998
9 0.10522799999999988
10 0.09924500000000003
11 0.09722199999999992
12 0.09680699999999987
13 0.09876400000000007
14 0.10203999999999991
15 0.09690599999999994
16 0.09526000000000012
17 0.09440400000000015
18 0.09627700000000017
19 0.10260599999999998
20 0.0950829999999998
1 0.09358299999999975
2 0.11296600000000012
3 0.11290999999999984
4 0.12173699999999998
5 0.11384799999999995
6 0.11245999999999956
7 0.11165700000000012
8 0.11505799999999988
9 0.11389899999999997
10 0.111491
11 0.110506
12 0.11282600000000009
13 0.11642300000000017
14 0.10893099999999967
15 0.10794799999999993
16 0.1072519999999999
17 0.11224300000000031
18 0.11010700000000018
19 0.11123599999999989
20 0.10643899999999995
1 0.10594199999999976
2 0.11074699999999993
3 0.10622599999999949
4 0.10602900000000037
5 0.105607
6 0.10893700000000006
7 0.10814799999999991
8 0.1042620000000003
9 0.10454899999999956
10 0.1032649999999995
11 0.10832100000000011
12 0.10501300000000047
13 0.10459599999999991
14 0.10282200000000064
15 0.10164899999999921
16 0.11069999999999958
17 0.10154599999999991
18 0.10167400000000004
19 0.10762599999999978
20 0.10458500000000015
1 0.1056910000000002
2 0.09903800000000018
3 0.10142900000000044
4 0.10225300000000015
5 0.09809800000000024
6 0.10541299999999953
7 0.09672600000000031
8 0.0967469999999997
9 0.09565800000000024
10 0.0951259999999996
11 0.10290700000000008
12 0.0952200000000003
13 0.09358500000000003
14 0.09314800000000023
15 0.07585799999999931
16 0.08021799999999946
17 0.07913800000000037
18 0.07732900000000065
19 0.07767499999999927
20 0.0758340000000004
1 0.07569400000000037
2 0.07505600000000001
3 0.0814610000000009
4 0.05485999999999969
5 0.0538179999999997
6 0.05395899999999898
7 0.0534150000000011
8 0.054566000000001225
9 0.057470999999999606
10 0.05278999999999989
11 0.05272899999999936
12 0.05885100000000065
13 0.054044999999998566
14 0.05243199999999959
15 0.05198500000000017
16 0.05208099999999938
17 0.05231099999999955
18 0.0519400000000001
19 0.05263099999999987
20 0.051123000000000474
1 0.05599600000000038
2 0.053610000000000824
3 0.05081699999999856
4 0.05111100000000057
5 0.050464999999999094
6 0.0504800000000003
7 0.051009000000000526
8 0.050020999999999205
9 0.04997900000000044
10 0.050504999999999356
11 0.05430999999999919
12 0.05198200000000064
13 0.049903999999999726
14 0.048860000000001236
15 0.04931599999999925
16 0.048696000000001405
17 0.048947999999999325
18 0.04830000000000112
19 0.04836899999999922
20 0.04851099999999953
1 0.0512169999999994
2 0.05063200000000023
3 0.04760399999999976
4 0.04776599999999931
5 0.04872100000000046
6 0.048051000000000954
7 0.04723500000000058
8 0.04911899999999925
9 0.04810999999999943
10 0.047074999999999534
11 0.048481999999999914
12 0.0500070000000008
13 0.04621999999999993
14 0.046497999999999706
15 0.04600300000000068
16 0.04583400000000104
17 0.04583200000000076
18 0.0456430000000001
19 0.04590099999999886
20 0.0459770000000006
1 0.04513700000000043
2 0.05090899999999898
3 0.047689999999999344
4 0.04513699999999865
5 0.04492800000000052
6 0.04467900000000036
7 0.044935999999999865
8 0.044653000000000276
9 0.04449599999999876
10 0.044196000000001234
11 0.043699000000000154
12 0.04456500000000041
13 0.048496999999999346
14 0.0461380000000009
15 0.04342899999999972
16 0.043222999999999345
17 0.04328399999999988
18 0.04316600000000115
19 0.0431670000000004
20 0.04261800000000093
1 0.04281100000000038
2 0.042294000000000054
3 0.04245200000000082
4 0.044001999999998986
5 0.04581400000000002
6 0.04294399999999854
7 0.04186299999999932
8 0.04164800000000035
9 0.041431000000001106
10 0.0420050000000014
11 0.04083300000000101
12 0.040519999999999
13 0.04046200000000155
14 0.040184
15 0.039893000000001066
16 0.04085199999999922
17 0.04439799999999927
18 0.04066300000000034
19 0.03971699999999956
20 0.039820999999999884
1 0.03943899999999978
2 0.03917600000000121
3 0.03915600000000019
4 0.023856999999999573
5 0.02349399999999946
6 0.023588999999999416
7 0.02339300000000044
8 0.02322200000000052
9 0.023296999999999457
10 0.02335899999999924
11 0.023011000000000337
12 0.022930999999999813
13 0.027424999999999145
14 0.02461399999999969
15 0.023588999999999416
16 0.022529000000000465
17 0.022567000000000448
18 0.0196670000000001
19 0.020247000000001236
20 0.01950200000000102
1 0.0193449999999995
2 0.01915799999999912
3 0.019107999999999237
4 0.019446000000000296
5 0.01902600000000021
6 0.018935000000000812
7 0.01904900000000076
8 0.018809000000000964
9 0.018806000000001433
10 0.018936999999999315
11 0.018864000000000658
12 0.018637999999999266
13 0.018532000000000437
14 0.01843600000000123
15 0.018546000000000618
16 0.018660999999999817
17 0.01828500000000055
18 0.020637999999999934
19 0.020142999999999134
20 0.020353000000000065
1 0.018361000000000516
2 0.018224000000000018
3 0.018178000000000694
4 0.018200999999999468
5 0.018350999999999118
6 0.017949999999999022
7 0.017915000000000347
8 0.017774000000001067
9 0.01903399999999955
10 0.01867199999999869
11 0.01822999999999908
12 0.017720000000000624
13 0.017754000000000048
14 0.017732999999999777
15 0.017590999999999468
16 0.017563000000000883
17 0.016939000000000703
18 0.016878999999999422
19 0.016887999999999792
20 0.016844000000000747
1 0.016761000000000692
2 0.016741999999998924
3 0.01684899999999878
4 0.016586999999999463
5 0.016902999999999224
6 0.02089100000000066
7 0.017898000000000636
8 0.018703000000000358
9 0.016479999999999606
10 0.011499000000000592
11 0.011520000000000863
12 0.011476999999999293
13 0.011609999999999232
14 0.011459999999999582
15 0.011668000000000234
16 0.011490000000000222
17 0.011429999999998941
18 0.011363999999998597
19 0.011108000000000118
20 0.01116400000000084
1 0.010972000000000648
2 0.011205999999999605
3 0.011043000000000802
4 0.011067000000000604
5 0.011146999999999352
6 0.010904999999999276
7 0.011029999999999873
8 0.010872999999998356
9 0.011036999999999964
10 0.010805000000001286
11 0.015160999999999092
12 0.01489200000000146
13 0.01483099999999915
14 0.01500799999999991
15 0.014794999999999447
16 0.016507999999999967
17 0.01468799999999959
18 0.014515999999998641
19 0.014433999999999614
20 0.014682000000000528
1 0.015001000000001596
2 0.014632999999999896
3 0.017426000000000386
4 0.015549000000000035
5 0.015943999999999292
6 0.016816999999999638
7 0.0164080000000002
8 0.02007599999999954
9 0.01623000000000019
10 0.014274000000000342
11 0.014286000000000243
12 0.014426999999999524
13 0.014137999999999096
14 0.014110000000000511
15 0.014101000000000141
16 0.014141000000000403
17 0.013987000000000194
18 0.013932999999999751
19 0.013984999999999914
20 0.014108999999999483
1 0.014151000000000025
2 0.013811999999999713
3 0.013698999999999018
4 0.005956999999998658
5 0.006207999999999103
6 0.005971999999999866
7 0.00588600000000028
8 0.00572499999999998
9 0.005758000000000152
10 0.005686999999999998
11 0.0058640000000007575
12 0.005644000000000204
13 0.005890000000000839
14 0.005523000000000167
15 0.005701000000000178
16 0.0054040000000004085
17 0.005452000000000012
18 0.009544999999999249
19 0.005641000000000673
20 0.0055440000000004375
1 0.005202000000000595
2 0.0019210000000011718
3 0.001928000000001262
4 0.0020699999999997942
5 0.0018890000000002516
6 0.001822999999999908
7 0.0019309999999990168
8 0.0018130000000002866
9 0.0018060000000001963
10 0.001953999999999567
11 0.0018659999999997012
12 0.00183099999999925
13 0.0018049999999991684
14 0.0019570000000008747
15 0.0017519999999997538
16 0.0018410000000006477
17 0.0017929999999992674
18 0.0017430000000011603
19 0.0017029999999991219
20 0.0016930000000012768
1 0.001793999999998519
2 0.0017920000000000158
3 0.0016809999999995995
4 0.001668000000000447
5 0.001682999999999879
6 0.0017270000000007002
7 0.001796000000000575
8 0.0018159999999998178
9 0.0017730000000000246
10 0.0016730000000002576
11 0.0016870000000004381
12 0.0016890000000007177
13 0.0016809999999995995
14 0.00166999999999895
15 0.0017670000000009622
16 0.0016790000000010963
17 0.0016349999999984988
18 0.0016439999999988686
19 0.0016249999999988773
20 0.0016420000000003654
1 0.0015619999999998413
2 0.0016769999999990404
3 0.0016800000000003479
4 0.0015730000000004907
5 0.0015619999999998413
6 0.0014219999999998123
7 0.0014240000000000919
8 0.0014090000000006597
9 0.0015140000000002374
10 0.001519000000000048
11 0.001757999999998816
12 0.0024119999999996367
13 0.002509999999999124
14 0.0022500000000000853
15 0.0016130000000007527
16 0.001642999999999617
17 0.0016109999999986968
18 0.0014409999999998035
19 0.0014120000000001909
20 0.0013980000000000103
1 0.0013980000000000103
2 0.0014240000000000919
3 0.0015110000000007062
4 0.0013769999999997395
5 0.0015730000000004907
6 0.00139099999999992
7 0.0013579999999997483
8 0.001352000000000686
9 0.0013540000000009655
10 0.0014690000000001646
11 0.001732000000000511
12 0.0015010000000010848
13 0.001949999999999008
14 0.001624000000001402
15 0.0014070000000003802
16 0.0013070000000006132
17 0.0014609999999990464
18 0.0013009999999997746
19 0.0013129999999996755
20 0.0017930000000010438