0.0010669999999999985
0.0009569999999999995
0.0015089999999999965
0.0012059999999999987
0.0012220000000000009
0.0010550000000000004
0.0010850000000000026
0.0011009999999999909
0.001020000000000007
0.0014210000000000056
0.001355999999999996
0.0009899999999999909
0.0025379999999999986
0.002351000000000006
0.0024450000000000027
0.0021130000000000038
0.0022930000000000034
0.0020820000000000005
0.002115999999999993
0.002139000000000002
0.002007999999999996
0.0030690000000000023
0.004322000000000006
0.004121
0.004078999999999999
0.0042330000000000145
0.003910999999999998
0.004529000000000005
0.0041929999999999745
0.004042999999999991
0.004471000000000003
0.00440299999999999
0.008085000000000009
0.008016999999999996
0.008985999999999994
0.007956000000000019
0.008146000000000014
0.00776099999999999
0.007414000000000004
0.007888000000000006
0.007682000000000022
0.007488999999999996
0.014151000000000025
0.013737000000000027
0.013089000000000017
0.01432300000000003
0.01467400000000002
0.014106000000000007
0.014400000000000024
0.01425299999999996
0.013720999999999983
0.014544000000000001
0.023247000000000018
0.02387699999999998
0.02315600000000001
0.021785999999999972
0.02305299999999999
0.028003000000000056
0.023312
0.022232999999999947
0.022141999999999995
0.022793000000000063
0.033008999999999955
0.03501500000000002
0.03808099999999992
0.03496199999999994
0.03581699999999999
0.03439700000000001
0.03390000000000004
0.03347699999999998
0.03217000000000003
0.03346800000000005
0.04978299999999991
0.04767600000000005
0.047744999999999926
0.04756799999999983
0.04808699999999999
0.045293999999999945
0.046545999999999976
0.04639000000000015
0.05239599999999989
0.047300999999999815
0.07287900000000014
0.07148899999999991
0.06790299999999982
0.065944
0.06577799999999989
0.07147100000000006
0.08945099999999995
0.07156799999999985
0.06855500000000037
0.06812400000000007
0.09120799999999996
0.09063599999999994
0.09703600000000012
0.09120600000000012
0.08997999999999973
0.09738499999999961
0.08879100000000006
0.08973200000000014
0.08886599999999989
0.09587199999999996
0.11663700000000032
0.12229100000000015
0.123421
0.1244010000000002
0.12479899999999988
0.11919000000000013
0.1208020000000003
0.12421799999999994
0.11871099999999934
0.12222099999999969
0.15664899999999982
0.15429799999999982
0.1505559999999999
0.14928899999999956
0.1565650000000005
0.15945799999999988
0.1566490000000007
0.16649500000000028
0.16044500000000017
0.15724099999999996
0.20912800000000065
0.197832
0.20499400000000012
0.2138390000000001
0.20381400000000038
0.20089799999999958
0.1968880000000004
0.21244200000000024
0.20322400000000052
0.19776600000000055
0.24302899999999994
0.24381900000000023
0.26800099999999993
0.2517770000000006
0.24532300000000085
0.2591760000000001
0.24683399999999978
0.25178100000000114
0.2611929999999987
0.24765000000000015
0.291030000000001
0.2967700000000004
0.29202500000000065
0.298805999999999
0.29645600000000094
0.3000159999999994
0.28786800000000135
0.2909170000000003
0.28929699999999947
0.29584599999999917
0.37084099999999864
0.3491440000000008
0.3521219999999996
0.34483700000000006
0.37205500000000136
0.3743759999999998
0.3489190000000004
0.36179699999999926
0.3681429999999999
0.3558400000000006
0.42257399999999734
0.4304659999999991
0.422505000000001
0.4293270000000007
0.4251010000000015
0.43206099999999736
0.4316899999999997
0.42559400000000025
0.4190669999999983
0.41652500000000003
0.5061600000000013
0.5047089999999983
0.5184640000000016
0.5128139999999988
0.5068850000000005
0.5065729999999995
0.502435000000002
0.5267690000000016
0.5264179999999996
0.5205589999999987
0.6043719999999979
0.5982889999999976
0.5911550000000005
0.5996009999999998
0.6127429999999983
0.5910580000000003
0.609297999999999
0.581589000000001
0.5937250000000027
0.6092210000000016
0.6857730000000046
0.6853490000000022
0.6816879999999941
0.6833910000000003
0.7035860000000014
0.6629170000000002
0.6875459999999975
0.6890340000000066
0.6913410000000013
0.6711499999999972
