0.002113999999999991
0.0012250000000000039
0.0010239999999999971
0.000903000000000001
0.001458000000000001
0.0009640000000000065
0.001231999999999997
0.0010420000000000013
0.0010000000000000009
0.0010439999999999894
0.001913999999999999
0.002239000000000005
0.0020750000000000074
0.0018910000000000038
0.0021810000000000024
0.0021739999999999954
0.002593000000000012
0.005379999999999996
0.002461000000000005
0.0023789999999999922
0.006448000000000009
0.005765999999999993
0.0044309999999999905
0.003921000000000008
0.004146999999999984
0.004278000000000004
0.0038920000000000066
0.005301
0.00384000000000001
0.0042019999999999835
0.00902
0.010660000000000003
0.010791999999999996
0.012826000000000004
0.007608999999999977
0.007462000000000024
0.008001000000000008
0.008593000000000017
0.01308999999999999
0.00817000000000001
0.018865999999999994
0.01450199999999996
0.013846000000000025
0.01598900000000003
0.015189999999999981
0.016469999999999985
0.018639000000000017
0.014052000000000009
0.017008000000000023
0.01794499999999999
0.04315800000000003
0.026026999999999967
0.037300000000000055
0.026191000000000075
0.028737000000000013
0.046626000000000056
0.03371599999999997
0.02183400000000002
0.026788000000000034
0.025336999999999943
0.051026000000000016
0.057006
0.3792789999999999
0.036973000000000145
0.06433500000000003
0.03367600000000004
0.03529699999999991
0.04986099999999993
0.07176399999999994
0.03883100000000006
0.04760000000000009
0.3242909999999999
0.04840100000000014
0.19493500000000008
0.05020599999999975
0.06493599999999988
0.13242399999999988
0.06548700000000007
0.05101800000000001
0.04700900000000008
0.08837699999999993
0.0737350000000001
0.09738999999999987
0.23309000000000024
0.504
0.06599999999999984
0.06574499999999972
0.29263100000000053
0.09771099999999944
0.06796399999999991
0.23170000000000002
0.0897730000000001
0.1675209999999998
0.15039300000000022
0.18620899999999985
0.1041489999999996
0.2120949999999997
0.17135999999999996
0.21601800000000004
0.09313700000000047
0.12191900000000011
0.1223869999999998
0.20084999999999997
0.12008799999999997
0.5236069999999993
0.15750900000000012
0.11778200000000005
0.11575200000000052
0.11544199999999982
0.11662700000000026
0.15047999999999995
0.35781300000000016
0.5411180000000009
0.6817919999999997
0.15535199999999882
0.6846250000000005
0.15549399999999913
0.14902800000000127
0.15560699999999983
0.15552200000000127
0.5270010000000003
0.6976649999999989
0.19690999999999903
0.19235199999999963
0.6271599999999999
0.19880699999999862
0.1948099999999986
0.2076709999999995
0.19716700000000031
0.20339099999999988
0.8065099999999994
0.24122599999999927
0.611516
0.235201
1.118208000000001
0.37198700000000073
1.5882220000000018
0.3302410000000009
2.978613000000003
0.23781100000000066
0.5671609999999987
0.3377049999999997
0.6018539999999994
1.8993849999999988
5.229495
0.30964400000000225
0.30445100000000025
1.0598930000000024
0.32919700000000063
0.292822000000001
2.6265709999999984
0.37021800000000127
0.3686440000000033
0.35208800000000195
0.3572640000000007
0.35414300000000054
1.0860619999999983
0.38249700000000075
1.7238279999999975
0.36041600000000074
0.43964000000000425
0.0012139999999999929
0.0011420000000000041
0.0010880000000000056
0.0009989999999999999
0.0010249999999999981
0.0009189999999999893
0.000904000000000002
0.0014929999999999943
0.0014369999999999938
0.0012669999999999904
0.0025410000000000016
0.002134999999999998
0.0020619999999999944
0.0019549999999999984
0.0017019999999999952
0.0023829999999999962
0.0020040000000000058
0.001807000000000003
0.0024530000000000107
0.0019779999999999937
0.004393999999999995
0.004456999999999989
0.0042250000000000065
0.004285999999999984
0.003961999999999993
0.003991000000000022
0.004710999999999993
0.004323000000000021
0.003950000000000009
0.004616000000000009
0.008206999999999992
0.008247000000000004
0.007684999999999997
0.008060999999999985
0.008145000000000013
0.008508999999999989
0.008505999999999986
0.007891999999999982
0.00864200000000001
0.008189999999999975
0.015815000000000023
0.013897999999999966
0.014454000000000022
0.015844999999999998
0.014942999999999984
0.015383999999999953
0.01420100000000002
0.014773000000000036
0.014087000000000016
0.013728000000000018
0.024584999999999968
0.02309899999999998
0.023054999999999992
0.02369199999999999
0.023522000000000043
0.022877000000000036
0.025788000000000033
0.021676999999999946
0.021990000000000065
0.022144000000000053
0.03533299999999995
0.03470399999999996
0.03682699999999994
0.034169000000000005
0.035335000000000005
0.03382300000000005
0.03337699999999999
0.03701399999999999
0.03921300000000005
0.032345999999999986
0.05340100000000014
0.0474429999999999
0.052280000000000104
0.04676199999999997
0.05065199999999992
0.053953999999999835
0.0523610000000001
0.04972299999999996
0.0519219999999998
0.053279999999999994
0.06726500000000013
0.0667279999999999
0.06511200000000006
0.07332000000000005
0.06730199999999997
0.0666770000000001
0.07391499999999995
0.0725960000000001
0.07159199999999988
0.06765800000000022
0.0938519999999996
0.09700700000000007
0.10001300000000013
0.09577800000000014
0.0983959999999997
0.09739999999999993
0.09669900000000009
0.0956929999999998
0.10041399999999978
0.09587600000000007
0.12457099999999999
0.12074700000000016
0.12729199999999974
0.12175799999999981
0.12472200000000022
0.12769200000000014
0.125251
0.1570910000000003
0.1339869999999994
0.12124699999999944
0.1592089999999997
0.15944400000000059
0.15680799999999984
0.16379199999999994
0.15741499999999942
0.15725800000000056
0.1593360000000006
0.16489900000000013
0.15602699999999992
0.158601
0.19613499999999995
0.19307300000000005
0.19663399999999953
0.20720000000000027
0.20223800000000036
0.1939580000000003
0.20458800000000021
0.19532900000000009
0.19597100000000012
0.21424799999999955
0.2509080000000008
0.24555600000000055
0.24013500000000043
0.25310400000000044
0.25072399999999995
0.2565609999999996
0.25344999999999906
0.26057800000000064
0.24909200000000098
0.2504679999999997
0.3141020000000001
0.30639900000000075
0.3079219999999996
0.31065700000000085
0.2944310000000012
0.30350199999999994
0.3128540000000015
0.31578000000000017
0.3051370000000002
0.3069879999999987
0.42979200000000084
0.3927139999999998
0.3779249999999994
0.37095199999999906
0.36084100000000063
0.3512120000000003
0.3587569999999989
0.35787600000000097
0.3612099999999998
0.3622639999999997
0.4212920000000011
0.44079799999999736
0.44592299999999696
0.4321950000000001
0.4298979999999979
0.4555579999999999
0.43131699999999995
0.4323629999999987
0.4289270000000016
0.44230599999999853
0.5264199999999981
0.5084780000000002
0.5306050000000013
0.5132200000000005
0.5279749999999979
0.5121490000000009
0.5080439999999982
0.529515
0.5074249999999978
0.539515999999999
0.6293919999999993
0.6103659999999991
0.600484999999999
0.603787999999998
0.5954440000000005
0.6170340000000003
0.5955520000000014
0.6022050000000014
0.6086639999999974
0.6249450000000039
0.7040289999999985
0.6981150000000014
0.7040010000000052
0.7121500000000012
0.7140810000000002
0.690170000000002
0.653691000000002
0.6751210000000043
0.6710329999999942
0.6680180000000036
